Solucao: 33 102 144 191 192 100 8 81 165 58 85 104 106 88 82 109 216 251 41 68 140 
202 56 87 168 13 190 6 124 184 232 73 194 272 149 49 16 179 260 70 151 
264 45 212 214 5 280 20 92 99 155 36 103 127 221 238 0 274 277 67 195 
114 122 123 132 101 9 28 154 14 64 256 262 295 44 258 265 95 118 152 197 
278 294 147 160 224 243 213 226 1 71 74 198 239 66 52 46 209 126 204 129 
263 189 105 148 171 269 225 23 80 161 170 137 59 270 257 193 
A solução tem 117 vertices
Performace: 0.0331653
Foi usado o Algoritmo Guloso usando o arquivo ./input/Problem.dat_300_500_3

Solucao: 189 165 81 80 102 59 144 191 216 104 109 100 106 85 68 269 202 41 88 251 
87 168 237 140 73 26 6 13 227 4 179 82 194 229 260 70 156 272 291 190 
151 298 264 5 214 212 155 200 138 127 78 280 92 221 277 99 96 67 16 45 
274 28 132 123 154 36 49 262 256 295 220 44 14 64 95 128 278 258 197 160 
146 297 195 266 243 294 111 122 33 10 198 1 209 192 239 8 34 74 171 52 
246 148 234 105 23 257 193 58 284 225 112 56 261 19 270 170 69 232 252 287 
184 161 172 50 175 51 53 296 149 285 203 97 
A solução tem 115 vertices
Performace: 0.0323502
Alfa: 0.05 e interaçoes: 10
Foi usado o Algoritmo Guloso randomizado e adaptativo usando o arquivo ./input/Problem.dat_300_500_3

Solucao: 109 82 68 191 81 270 140 223 88 6 19 50 251 202 56 59 80 26 168 4 
135 165 75 272 237 151 104 192 260 87 99 269 229 49 73 100 221 298 194 78 
280 227 149 92 45 277 214 195 179 132 20 236 264 103 154 187 262 101 259 13 
122 118 197 274 295 123 95 111 23 278 210 147 220 212 294 235 239 258 226 44 
1 52 63 33 181 198 102 261 58 5 162 189 225 155 144 74 137 209 106 193 
234 41 11 8 296 171 85 172 184 161 204 291 287 2 64 43 159 190 216 69 
105 112 53 51 203 156 257 228 12 124 97 79 37 148 
A solução tem 129 vertices
Performace: 0.0349666
Alfa: 0.1 e interaçoes: 10
Foi usado o Algoritmo Guloso randomizado e adaptativo usando o arquivo ./input/Problem.dat_300_500_3

Solucao: 191 58 50 82 6 251 88 56 79 26 102 260 291 73 192 135 109 144 45 87 
168 284 112 272 194 200 151 264 99 81 149 116 179 103 227 16 51 49 13 223 
61 229 281 155 238 214 78 184 114 195 280 197 157 212 55 47 237 118 210 130 
232 92 67 226 298 166 239 2 277 14 54 278 46 198 244 215 274 221 95 21 
33 62 85 268 0 132 74 134 189 23 162 295 59 269 32 234 193 105 202 171 
296 147 124 107 68 252 37 106 104 177 257 156 161 19 216 148 69 203 287 165 
263 53 172 129 228 140 8 245 219 20 249 175 285 205 150 100 138 
A solução tem 135 vertices
Performace: 0.0360768
Alfa: 0.15 e interaçoes: 10
Foi usado o Algoritmo Guloso randomizado e adaptativo usando o arquivo ./input/Problem.dat_300_500_3

Solucao: 214 81 4 151 82 68 202 80 260 112 103 45 20 106 26 233 259 194 16 178 
99 138 210 238 270 5 132 56 262 227 298 105 128 269 49 53 95 10 122 85 
296 180 59 135 51 37 127 237 118 294 3 83 100 52 222 14 102 258 209 199 
36 266 164 223 263 236 247 123 78 197 280 172 218 179 92 39 295 88 291 7 
109 175 190 284 19 71 33 279 41 161 113 251 69 104 278 252 261 203 177 70 
271 79 140 23 264 276 13 108 277 185 156 200 155 225 93 191 193 216 283 159 
18 30 8 62 287 184 87 65 285 267 90 205 167 192 124 58 31 125 187 195 
288 257 234 229 220 249 221 116 91 168 50 0 189 137 292 114 149 25 290 212 
272 75 253 12 232 9 6 35 207 282 299 265 44 141 174 165 101 67 61 57 
289 48 28 241 150 27 186 248 117 111 256 196 166 76 281 96 217 64 
A solução tem 146 vertices
Performace: 0.0380834
Alfa: 0.3 e interaçoes: 10
Foi usado o Algoritmo Guloso randomizado e adaptativo usando o arquivo ./input/Problem.dat_300_500_3

Solucao: 91 229 86 104 12 194 36 50 221 30 9 59 241 285 23 127 223 39 259 135 
207 85 77 169 0 100 66 25 258 165 185 80 217 144 178 99 21 233 243 89 
226 78 234 111 173 297 64 271 170 142 106 53 230 10 48 294 269 202 133 289 
252 28 38 83 46 278 253 56 79 62 204 141 4 26 8 143 270 245 190 287 
255 31 72 156 125 260 284 203 112 123 13 281 239 44 15 216 172 5 159 290 
124 210 94 292 191 97 150 236 280 145 51 167 200 82 140 257 155 102 293 154 
189 122 205 68 264 20 164 232 187 137 295 240 69 299 214 157 231 114 76 65 
228 274 186 277 273 45 152 296 286 108 249 262 60 16 138 73 27 92 105 256 
272 109 87 248 118 95 43 6 14 55 147 196 117 251 212 
A solução tem 172 vertices
Performace: 0.0424008
Alfa: 0.5 e interaçoes: 10
Foi usado o Algoritmo Guloso randomizado e adaptativo usando o arquivo ./input/Problem.dat_300_500_3


Solucao: 195 133 101 222 169 216 32 295 120 191 3 268 150 92 245 134 230 24 111 231 
105 262 27 73 49 158 96 138 208 299 209 55 36 59 179 207 292 221 72 193 
149 14 37 192 225 100 288 112 199 213 44 170 240 103 226 1 97 186 115 155 
178 9 110 280 10 80 201 137 248 56 242 106 223 125 205 45 38 294 265 130 
273 241 51 159 123 126 164 66 211 250 210 263 153 254 85 128 160 214 135 291 
163 145 232 219 29 132 95 243 290 6 12 57 108 235 264 140 102 0 146 182 
190 255 136 40 279 196 78 228 33 48 141 79 157 34 283 69 87 88 269 143 
151 177 189 62 188 156 42 198 91 168 16 4 251 244 272 252 239 122 89 47 
187 107 98 144 278 256 161 148 296 64 227 93 7 142 298 131 289 113 31 215 
35 63 166 114 229 270 246 50 271 183 154 281 68 13 129 287 90 173 217 53 
220 127 260 212 206 86 152 26 75 233 274 43 99 81 180 116 238 162 293 165 
41 71 259 23 286 139 124 84 20 234 236 147 82 74 253 25 83 275 77 224 
94 30 197 22 60 54 276 285 2 28 267 5 104 261 65 194 175 8 18 70 
237 21 282 266 184 118 121 257 67 185 
A solução tem 212 vertices
Performace: 0.047147
Alfa: 1 e interaçoes: 10
Foi usado o Algoritmo Guloso randomizado e adaptativo usando o arquivo ./input/Problem.dat_300_500_3

Solucao: 269 189 85 81 102 88 8 216 109 104 140 82 80 165 100 68 33 13 41 190 
6 106 184 202 159 251 168 87 272 144 49 124 260 151 16 264 73 70 232 45 
92 5 212 103 214 221 36 0 280 238 194 56 96 195 99 123 132 122 277 179 
138 101 64 154 235 155 258 295 127 262 67 44 197 95 86 14 278 274 224 152 
256 266 226 294 74 10 1 213 243 198 52 66 98 268 209 128 126 71 191 192 
160 148 171 297 21 23 225 161 270 257 46 137 58 105 193 288 170 237 59 19 
112 284 50 247 172 97 
A solução tem 109 vertices
Performace: 0.0314948
Alfa: 0.05 e interaçoes: 500
Foi usado o Algoritmo Guloso randomizado e adaptativo usando o arquivo ./input/Problem.dat_300_500_3

Solucao: 102 192 68 100 88 58 216 202 87 165 26 82 237 19 172 159 156 6 251 296 
260 184 227 229 4 149 135 144 194 291 16 190 41 99 49 105 298 179 212 277 
45 127 20 36 168 274 214 155 132 220 92 280 81 73 217 141 187 106 51 295 
262 5 221 14 197 55 294 167 164 195 244 243 246 95 118 18 122 198 266 64 
226 256 282 136 235 22 261 176 147 209 62 234 278 139 171 129 263 8 84 225 
23 247 258 242 270 59 257 193 191 170 140 1 67 104 56 80 109 124 245 85 
252 288 269 112 13 44 272 287 50 69 189 223 12 284 285 175 75 145 108 292 
79 203 241 33 249 37 205 255 264 185 150 70 31 53 151 200 259 232 138 
A solução tem 119 vertices
Performace: 0.0333281
Alfa: 0.1 e interaçoes: 500
Foi usado o Algoritmo Guloso randomizado e adaptativo usando o arquivo ./input/Problem.dat_300_500_3

Solucao: 291 59 69 190 237 112 88 73 87 272 56 191 6 51 223 192 80 105 216 12 
23 260 269 202 85 259 298 227 232 16 100 168 13 68 49 280 281 26 0 236 
106 212 70 238 253 78 235 123 274 251 92 151 122 256 229 20 67 197 200 127 
194 143 146 297 262 278 226 77 221 109 160 239 295 125 64 65 183 266 54 52 
147 99 217 63 231 196 277 74 294 40 177 33 179 46 165 47 134 37 144 296 
257 234 140 66 8 225 171 118 172 82 104 79 170 137 50 184 175 156 58 276 
18 189 148 81 270 285 4 292 19 159 252 108 102 53 205 93 228 287 284 62 
150 41 185 75 116 138 155 124 111 135 210 267 30 103 45 195 214 241 233 153 
187 132 220 255 31 290 203 178 36 149 76 96 60 101 5 154 193 145 114 48 
91 117 9 157 97 
A solução tem 118 vertices
Performace: 0.0417236
Alfa: 0.15 e interaçoes: 500
Foi usado o Algoritmo Guloso randomizado e adaptativo usando o arquivo ./input/Problem.dat_300_500_3

Solucao: 175 73 135 41 255 259 155 105 228 151 190 298 85 220 138 277 59 202 212 200 
109 195 14 179 168 150 45 274 127 102 101 95 4 280 50 98 35 49 47 235 
111 92 297 272 61 217 10 53 224 201 209 287 13 269 51 181 31 198 1 260 
94 16 33 5 268 116 81 194 34 6 20 32 239 23 162 139 17 3 270 25 
192 171 123 107 173 265 8 55 74 86 69 64 7 296 284 134 177 19 106 172 
15 52 56 148 70 291 257 170 126 144 232 156 161 62 145 242 214 184 68 121 
75 87 110 216 292 79 236 165 213 118 281 196 58 221 264 275 229 251 191 223 
159 104 167 60 253 185 189 285 241 187 295 82 37 122 290 210 88 80 76 278 
30 205 114 9 267 233 237 154 78 174 149 96 164 282 256 124 108 227 252 262 
48 12 203 153 186 178 244 117 238 90 146 128 65 249 140 57 77 44 132 
A solução tem 139 vertices
Performace: 0.0375417
Alfa: 0.3 e interaçoes: 500
Foi usado o Algoritmo Guloso randomizado e adaptativo usando o arquivo ./input/Problem.dat_300_500_3

Solucao: 221 109 102 123 233 67 217 33 262 118 179 92 241 278 117 6 153 144 284 184 
39 127 37 287 272 20 281 116 50 138 215 222 42 74 150 16 201 132 46 228 
71 82 83 295 94 214 134 145 54 0 213 81 224 15 223 113 22 273 274 265 
243 231 226 142 206 189 195 158 95 124 154 161 13 112 68 4 251 135 268 12 
70 49 252 237 276 177 245 242 151 53 200 194 55 185 297 107 58 190 168 100 
232 51 97 104 73 140 187 285 19 85 229 157 96 59 114 202 90 227 277 126 
192 75 244 87 28 236 5 56 103 249 290 280 106 65 44 77 235 17 212 9 
152 69 122 128 264 291 210 111 159 172 175 216 108 31 110 91 23 36 282 167 
45 270 47 298 8 164 191 286 248 61 174 101 205 86 26 147 180 165 48 258 
239 60 169 41 88 115 259 246 275 98 250 156 141 27 129 255 292 146 130 289 
256 40 24 269 208 149 238 203 11 30 52 253 160 178 199 1 207 294 
A solução tem 151 vertices
Performace: 0.0390808
Alfa: 0.5 e interaçoes: 500
Foi usado o Algoritmo Guloso randomizado e adaptativo usando o arquivo ./input/Problem.dat_300_500_3

Solucao: 95 12 253 70 8 278 123 153 179 44 23 269 237 113 164 274 108 159 109 172 
170 175 168 25 249 292 43 174 293 104 120 195 260 283 1 192 255 149 244 54 
114 259 55 216 297 176 152 222 280 50 38 118 156 63 21 181 16 75 254 169 
64 136 15 212 270 34 111 290 226 51 144 84 272 223 129 163 279 116 245 173 
232 229 162 256 273 81 155 265 97 289 220 165 230 59 110 224 5 87 261 236 
86 35 205 96 257 191 77 90 112 91 140 48 66 74 99 227 76 106 215 92 
103 130 143 27 291 30 282 281 72 20 275 121 238 199 122 24 94 277 187 133 
10 157 73 93 250 22 217 288 19 198 41 201 115 193 42 36 2 31 135 117 
196 235 45 145 101 126 284 286 7 262 46 207 295 161 178 287 32 239 11 14 
33 184 209 248 210 61 221 251 219 171 65 299 78 139 166 197 13 80 252 188 
29 39 241 26 203 190 4 58 160 243 79 52 69 180 62 263 167 200 189 264 
271 154 107 147 182 150 294 6 0 186 71 183 89 214 142 85 285 60 67 246 
98 202 247 128 141 276 194 138 
A solução tem 191 vertices
Performace: 0.0500522
Alfa: 1 e interaçoes: 500
Foi usado o Algoritmo Guloso randomizado e adaptativo usando o arquivo ./input/Problem.dat_300_500_3

Solucao: 58 102 100 165 88 106 59 105 33 85 140 202 257 216 291 191 251 82 284 81 
189 124 227 109 87 41 26 172 6 194 13 12 73 145 70 108 149 232 5 241 
168 45 212 103 280 127 179 99 290 214 274 238 0 92 16 96 123 36 154 221 
114 195 256 210 55 14 44 56 164 67 295 28 64 262 208 128 278 243 294 160 
132 258 147 266 95 197 71 10 39 209 1 144 46 126 66 129 198 52 8 21 
263 104 226 247 234 23 269 171 240 80 296 137 225 237 190 288 193 223 184 112 
270 68 50 287 192 51 74 
A solução tem 108 vertices
Performace: 0.0339834
Alfa: 0.05 e interaçoes: 5000
Foi usado o Algoritmo Guloso randomizado e adaptativo usando o arquivo ./input/Problem.dat_300_500_3

Solucao: 58 144 104 192 8 82 81 251 270 88 23 85 284 165 191 237 202 56 6 168 
4 13 223 109 272 50 203 229 100 179 149 260 255 200 241 298 212 280 135 194 
214 45 37 155 36 20 127 5 264 195 73 238 111 101 132 154 236 123 28 92 
277 210 217 9 49 157 152 44 99 262 143 64 258 146 67 295 197 294 278 95 
201 74 33 11 147 226 1 274 46 224 63 239 22 7 198 189 52 105 171 243 
126 102 225 263 80 106 204 41 162 68 59 148 69 112 140 137 269 257 291 216 
19 87 184 190 193 232 296 227 79 51 175 172 156 124 159 26 285 252 70 75 
12 
A solução tem 106 vertices
Performace: 0.0336886
Alfa: 0.05 e interaçoes: 15000
Foi usado o Algoritmo Guloso randomizado e adaptativo usando o arquivo ./input/Problem.dat_300_500_3

Solucao: 175 73 135 41 255 259 155 105 228 151 190 298 85 220 138 277 59 202 212 200 
109 195 14 179 168 150 45 274 127 102 101 95 4 280 50 98 35 49 47 235 
111 92 297 272 61 217 10 53 224 201 209 287 13 269 51 181 31 198 1 260 
94 16 33 5 268 116 81 194 34 6 20 32 239 23 162 139 17 3 270 25 
192 171 123 107 173 265 8 55 74 86 69 64 7 296 284 134 177 19 106 172 
15 52 56 148 70 291 257 170 126 144 232 156 161 62 145 242 214 184 68 121 
75 87 110 216 292 79 236 165 213 118 281 196 58 221 264 275 229 251 191 223 
159 104 167 60 253 185 189 285 241 187 295 82 37 122 290 210 88 80 76 278 
30 205 114 9 267 233 237 154 78 174 149 96 164 282 256 124 108 227 252 262 
48 12 203 153 186 178 244 117 238 90 146 128 65 249 140 57 77 44 132 
A solução tem 139 vertices
Performace: 0.0426409
Alfa: 0.3 e interaçoes: 500
Foi usado o Algoritmo Guloso randomizado e adaptativo usando o arquivo ./input/Problem.dat_300_500_3

